# key: u32 value: Point x,y

1   4096,20992
2   5120,20992
3   6144,20992
4   7168,20992
5   8128,20992
6   4096,22016
7   4096,23040
8   4096,24064
9   4096,25088
10  5120,25088
11  7168,25088
12  8192,25088
13  8192,26112
14  8192,27136
15  8192,28160
16  8192,29184
17  4160,29184
18  5120,29184
19  6144,29184
20  7168,29184
21  4096,20992
22  5120,20992
23  6144,20992
24  7168,20992
25  8128,20992
26  4096,22016
27  4096,23040
28  4096,24064
29  4096,25088
30  5120,25088
31  7168,25088
32  8192,25088
33  8192,26112
34  8192,27136
35  8192,28160
36  8192,29184
37  4160,29184
38  5120,29184
39  6144,29184
40  7168,29184
