1   4096,20992
2   5120,20992
3   6144,20992
4   7168,20992
5   8128,20992
6   4096,22016
7   4096,23040
8   4096,24064
9   4096,25088
10  5120,25088
11  7168,25088
12  8192,25088
13  8192,26112
14  8192,27136
15  8192,28160
16  8192,29184
17  4160,29184
18  5120,29184
19  6144,29184
20  7168,29184
21  4096,20992
22  5120,20992
23  6144,20992
24  7168,20992
25  8128,20992
26  4096,22016
27  4096,23040
28  4096,24064
29  4096,25088
30  5120,25088
31  7168,25088
32  8192,25088
33  8192,26112
34  8192,27136
35  8192,28160
36  8192,29184
37  4160,29184
38  5120,29184
39  6144,29184
40  7168,291841
41  4096,20992
42  5120,20992
43  6144,20992
44  7168,20992
45  8128,20992
46  4096,22016
47  4096,23040
48  4096,24064
49  4096,25088
50  5120,25088
51  4096,20992
52  5120,20992
53  6144,20992
54  7168,20992
55  8128,20992
56  4096,22016
57  4096,23040
58  4096,24064
59  4096,25088
60  5120,25088
61  7168,25088
62  8192,25088
63  8192,26112
64  8192,27136
65  8192,28160
66  8192,29184
67  4160,29184
68  5120,29184
69  6144,29184
70  7168,29184
71  4096,20992
72  5120,20992
73  6144,20992
74  7168,20992
75  8128,20992
76  4096,22016
77  4096,23040
78  4096,24064
79  4096,25088
80  5120,25088
81  7168,25088
82  8192,25088
83  8192,26112
84  8192,27136
85  8192,28160
86  8192,29184
87  4160,29184
88  5120,29184
89  6144,29184
90  7168,29184
